% -------------------------------------------------------------------
%  Generated by MATLAB on 14-Dec-2021 14:41:58
%  MATLAB version: 9.7.0.1737446 (R2019b) Update 9
% -------------------------------------------------------------------
                                 

Flow_Header = struct;
Flow_Header.ver = 0;
Flow_Header.patientID = ['X X 01-JAN-1900 X X                          ' ...
                         '                                   '];
Flow_Header.recordID = ['Startdate 13-DEC-2021 X X X X                 ' ...
                        '                                  '];
Flow_Header.startdate = '13.12.21';
Flow_Header.starttime = '14.49.27';
Flow_Header.bytes = 1536;
Flow_Header.records = 818;
Flow_Header.duration = 1;
Flow_Header.ns = 5;
Flow_Header.label = cell(1, 5);
Flow_Header.label{1} = 'PAW';
Flow_Header.label{2} = 'EXTFLOWBTPS';
Flow_Header.label{3} = 'FLOWBTPS';
Flow_Header.label{4} = 'CO2_WAVE';
Flow_Header.label{5} = 'EDFAnnotations';
Flow_Header.transducer = cell(1, 5);
Flow_Header.transducer{1} = ['                                         ' ...
                             '                                       '];
Flow_Header.transducer{2} = ['                                         ' ...
                             '                                       '];
Flow_Header.transducer{3} = ['                                         ' ...
                             '                                       '];
Flow_Header.transducer{4} = ['                                         ' ...
                             '                                       '];
Flow_Header.transducer{5} = ['                                         ' ...
                             '                                       '];
Flow_Header.units = cell(1, 5);
Flow_Header.units{1} = 'hPa';
Flow_Header.units{2} = 'lmin';
Flow_Header.units{3} = 'lmin';
Flow_Header.units{4} = 'vol';
Flow_Header.units{5} = '';
Flow_Header.physicalMin = [-10 -200 -200 0 -1];
Flow_Header.physicalMax = [100 200 200 100 1];
Flow_Header.digitalMin = [-32768 -32768 -32768 -32768 -32768];
Flow_Header.digitalMax = [32767 32767 32767 32767 32767];
Flow_Header.prefilter = cell(1, 5);
Flow_Header.prefilter{1} = ['                                          ' ...
                            '                                      '];
Flow_Header.prefilter{2} = ['                                          ' ...
                            '                                      '];
Flow_Header.prefilter{3} = ['                                          ' ...
                            '                                      '];
Flow_Header.prefilter{4} = ['                                          ' ...
                            '                                      '];
Flow_Header.prefilter{5} = ['                                          ' ...
                            '                                      '];
Flow_Header.samples = [100 100 100 40 57];
Flow_Header.frequency = [100 100 100 40 57];

